evaluations raw_y
1 0.9405568096
3 1.1478420569
6 1.6778523490
10 1.9747235387
49 2.0259319287
240 2.1663778163
512 2.2281639929
593 2.4366471735
1944 2.8868360277
3037 2.9976019185
3952 3.2467532468
4886 3.5410764873
4937 3.6231884058
5011 2.0259319287
evaluations raw_y
1 1.0766580534
4 1.6087516088
29 1.8355359765
116 1.9260400616
250 2.0000000000
270 2.3629489603
900 2.7352297593
2214 2.7839643653
2244 3.3875338753
2300 3.7091988131
3948 3.8940809969
4214 4.7169811321
5011 2.5987525988
evaluations raw_y
1 1.4723203769
17 1.7146776406
29 2.1968365554
31 2.3992322457
357 2.7352297593
996 2.7839643653
1259 2.9411764706
2394 3.5410764873
3637 3.6231884058
5011 3.6231884058
evaluations raw_y
1 0.8305647841
2 1.4450867052
4 1.5605493134
5 1.7934002869
20 2.0798668885
130 2.2603978300
403 2.3277467412
817 2.3992322457
905 2.4752475248
1857 2.5150905433
1976 2.6427061311
2246 2.7839643653
2311 3.1806615776
3025 3.2467532468
3846 3.3156498674
4202 3.3875338753
4453 3.6231884058
5011 2.6427061311
evaluations raw_y
1 0.9697439876
2 0.9944311854
4 1.7337031900
13 1.7730496454
49 1.9260400616
174 2.1079258010
562 2.2281639929
849 2.6427061311
2970 2.6881720430
3338 2.7839643653
3372 2.8344671202
3693 2.9976019185
3695 3.2467532468
5011 2.4366471735
evaluations raw_y
1 0.9462528388
3 1.3340448239
6 1.4060742407
9 1.8573551263
31 1.9025875190
53 2.1367521368
303 2.2603978300
462 2.5987525988
1400 2.6881720430
1473 2.7839643653
2632 3.2467532468
3623 3.5410764873
3845 3.7091988131
4423 4.0983606557
5011 2.1367521368
evaluations raw_y
1 1.1312217195
2 1.2291052114
3 1.3116474292
12 1.3935340022
27 2.0000000000
198 2.1079258010
315 2.3629489603
387 2.3992322457
514 2.4366471735
799 2.5987525988
943 2.9411764706
2177 2.9976019185
2470 3.1172069825
2582 3.1806615776
2594 3.6231884058
3234 3.7993920973
3461 3.8940809969
3476 3.9936102236
3689 4.4483985765
5011 2.8344671202
evaluations raw_y
1 0.9944311854
2 1.3812154696
12 1.3935340022
13 1.8142235123
21 1.8355359765
82 2.4366471735
284 2.4752475248
286 2.7352297593
2037 2.7839643653
2229 2.8868360277
2352 3.1806615776
2860 3.5410764873
3432 3.7091988131
4276 4.0983606557
5011 1.0917030568
evaluations raw_y
1 1.4060742407
2 1.8355359765
43 1.9500780031
176 2.0525451560
246 2.1663778163
327 2.2603978300
788 2.3992322457
1638 2.6427061311
1737 2.6881720430
2625 2.9411764706
4298 3.0562347188
4458 3.1172069825
4613 3.2467532468
4646 3.4626038781
4971 3.6231884058
5004 3.8940809969
5011 3.0562347188
evaluations raw_y
1 0.7130633200
2 1.1563367253
4 1.3455328310
8 1.4060742407
9 1.4318442153
14 1.4863258026
19 1.5151515152
24 1.8142235123
73 2.0259319287
297 2.3277467412
375 2.5150905433
452 2.8868360277
1840 2.9411764706
1932 3.7091988131
5011 1.6600265604
evaluations raw_y
1 1.1150758252
3 1.4318442153
4 1.5006002401
13 2.2281639929
324 2.3629489603
359 2.3992322457
862 2.5150905433
918 2.5987525988
2241 2.8344671202
3297 3.3156498674
3759 3.9936102236
3889 4.2087542088
5011 2.6881720430
evaluations raw_y
1 1.1649580615
3 1.5923566879
25 2.1079258010
141 2.5987525988
477 2.6427061311
2104 2.9411764706
3753 3.5410764873
5011 2.1367521368
evaluations raw_y
1 2.0259319287
41 2.1968365554
644 2.3629489603
861 2.4366471735
1488 2.5562372188
1536 2.7352297593
2568 2.8868360277
3427 2.9411764706
3587 3.0562347188
3781 3.1172069825
3917 3.3875338753
4607 3.5410764873
4791 3.7091988131
5011 3.3875338753
evaluations raw_y
1 0.7098239637
2 0.9293680297
4 1.5451174289
9 1.6425755585
11 1.9025875190
142 2.0259319287
172 2.2603978300
235 2.7352297593
1102 2.8344671202
1398 2.8868360277
1533 2.9411764706
1985 3.1172069825
2384 3.1806615776
2987 3.3875338753
3088 3.6231884058
5011 1.8796992481
evaluations raw_y
1 0.9238728751
2 1.8796992481
51 2.1968365554
686 2.5987525988
1946 2.8868360277
2534 3.1172069825
2641 3.2467532468
2952 3.3156498674
3347 3.3875338753
3466 3.7993920973
4377 3.8940809969
4974 3.9936102236
5011 3.8940809969
evaluations raw_y
1 1.2588116818
9 1.8796992481
102 1.9025875190
133 1.9260400616
184 2.2603978300
1181 2.3992322457
1186 2.5150905433
1522 2.9411764706
3537 2.9976019185
3765 3.0562347188
3803 3.2467532468
3875 3.3156498674
4703 3.3875338753
5011 1.3116474292
evaluations raw_y
1 1.7934002869
70 2.0525451560
210 2.3277467412
486 2.5150905433
518 2.5562372188
800 2.7352297593
1171 2.8868360277
1676 3.3156498674
1709 3.4626038781
1768 3.5410764873
1956 3.7993920973
2001 3.9936102236
2131 4.5787545788
5011 1.4188422247
evaluations raw_y
1 1.3691128149
13 1.4318442153
26 1.6254876463
41 1.7337031900
89 2.1663778163
803 2.1968365554
999 2.5150905433
1134 2.5562372188
1442 2.9976019185
5011 2.4752475248
evaluations raw_y
1 0.9238728751
2 1.1916110582
5 1.4585764294
7 1.6254876463
11 1.6960651289
29 1.8796992481
105 1.9025875190
132 2.0798668885
176 2.1079258010
294 2.4752475248
1031 2.5150905433
1186 2.6881720430
1466 2.7352297593
1955 3.1806615776
2216 3.2467532468
2702 3.4626038781
4255 3.6231884058
4418 3.7091988131
5011 3.1806615776
evaluations raw_y
1 1.0993843448
4 1.6254876463
15 2.1367521368
82 2.1663778163
152 2.3277467412
340 2.4366471735
806 2.5562372188
1143 2.5987525988
1949 2.6427061311
2514 2.6881720430
2592 2.7839643653
3179 3.6231884058
5011 2.5150905433
